
1 - left line
2 - top line
4 - right line
8 - bottom line
16 - dot

Blank board

private final short levelData[] = {
        19, 18, 18, 18, 18, 18, 18, 18, 18, 18, 18, 18, 18, 18, 22,
        17, 16, 16, 16, 16, 16, 16, 16, 16, 16, 16, 16, 16, 16, 20,
        17, 16, 16, 16, 16, 16, 16, 16, 16, 16, 16, 16, 16, 16, 20,
        17, 16, 16, 16, 16, 16, 16, 16, 16, 16, 16, 16, 16, 16, 20,
        17, 16, 16, 16, 16, 16, 16, 16, 16, 16, 16, 16, 16, 16, 20,
        17, 16, 16, 16, 16, 16, 16, 16, 16, 16, 16, 16, 16, 16, 20,
        17, 16, 16, 16, 16, 16, 16, 16, 16, 16, 16, 16, 16, 16, 20,
        17, 16, 16, 16, 16, 16, 16, 16, 16, 16, 16, 16, 16, 16, 20,
        17, 16, 16, 16, 16, 16, 16, 16, 16, 16, 16, 16, 16, 16, 20,
        17, 16, 16, 16, 16, 16, 16, 16, 16, 16, 16, 16, 16, 16, 20,
        17, 16, 16, 16, 16, 16, 16, 16, 16, 16, 16, 16, 16, 16, 20,
        17, 16, 16, 16, 16, 16, 16, 16, 16, 16, 16, 16, 16, 16, 20,
        17, 16, 16, 16, 16, 16, 16, 16, 16, 16, 16, 16, 16, 16, 20,
        17, 16, 16, 16, 16, 16, 16, 16, 16, 16, 16, 16, 16, 16, 20,
        25, 24, 24, 24, 24, 24, 24, 24, 24, 24, 24, 24, 24, 24, 28
    };


1 level

private final short levelData[] = {
        19, 18, 18, 18, 18, 18, 18, 18, 18, 18, 18, 18, 18, 18, 22,
        17, 16, 16, 16, 16, 16, 16, 16, 16, 16, 16, 16, 16, 16, 20,
        17, 16, 24, 24, 24, 24, 24, 24, 16, 16, 16, 16, 16, 16, 20,
        17, 20, 0, 0, 0, 0, 0, 0, 17, 16, 16, 16, 16, 16, 20,
        17, 16, 18, 18, 18, 18, 18, 18, 16, 16, 16, 16, 16, 16, 20,
        17, 16, 16, 16, 16, 16, 16, 16, 16, 16, 16, 16, 16, 16, 20,
        17, 16, 16, 16, 16, 16, 16, 16, 24, 24, 16, 16, 16, 16, 20,
        17, 16, 16, 16, 16, 16, 16, 20, 0, 0, 17, 16, 16, 16, 20,
        17, 16, 16, 16, 16, 16, 16, 20, 0, 0, 17, 16, 16, 16, 20,
        17, 16, 16, 16, 16, 16, 16, 20, 0, 0, 17, 16, 16, 16, 20,
        17, 16, 16, 16, 16, 16, 16, 20, 0, 0, 17, 16, 16, 16, 20,
        17, 16, 16, 16, 16, 16, 16, 20, 0, 0, 17, 16, 16, 16, 20,
        17, 16, 16, 16, 16, 16, 16, 16, 18, 18, 16, 16, 16, 16, 20,
        17, 16, 16, 16, 16, 16, 16, 16, 16, 16, 16, 16, 16, 16, 20,
        25, 24, 24, 24, 24, 24, 24, 24, 24, 24, 24, 24, 24, 24, 28
    };

2 level

private final short levelData[] = {
        19, 18, 18, 18, 18, 18, 18, 18, 18, 18, 18, 18, 18, 18, 22,
        17, 16, 16, 16, 16, 16, 16, 16, 16, 16, 16, 24, 16, 16, 20,
        17, 16, 16, 16, 16, 16, 16, 16, 24, 24, 28, 0, 17, 16, 20,
        17, 16, 16, 16, 16, 16, 16, 20, 0, 0, 0, 0, 17, 16, 20,
        17, 16, 16, 16, 16, 16, 16, 16, 18, 18, 22, 0, 17, 16, 20,
        17, 16, 24, 24, 24, 24, 16, 16, 16, 16, 16, 18, 16, 16, 20,
        17, 20, 0, 0, 0, 0, 17, 16, 16, 16, 16, 16, 16, 16, 20,
        17, 20, 0, 19, 18, 18, 16, 16, 16, 16, 16, 16, 16, 16, 20,
        17, 20, 0, 17, 16, 16, 16, 16, 16, 16, 16, 16, 16, 16, 20,
        17, 16, 18, 16, 16, 16, 16, 16, 16, 16, 16, 16, 16, 16, 20,
        17, 16, 16, 16, 16, 16, 16, 24, 24, 16, 16, 16, 16, 16, 20,
        17, 16, 16, 16, 16, 16, 20, 0, 0, 17, 16, 16, 16, 16, 20,
        17, 16, 16, 16, 16, 16, 20, 0, 0, 17, 16, 16, 16, 16, 20,
        17, 16, 16, 16, 16, 16, 20, 0, 0, 17, 16, 16, 16, 16, 20,
        25, 24, 24, 24, 24, 24, 28, 8, 8, 25, 24, 24, 24, 24, 28
    };

3 level

private final short levelData[] = {
        19, 18, 18, 18, 18, 18, 18, 18, 18, 22, 2, 2, 2, 19, 22,
        17, 16, 16, 24, 16, 16, 16, 16, 16, 20, 0, 0, 0, 17, 20,
        17, 16, 20, 0, 17, 16, 16, 16, 16, 20, 0, 0, 0, 17, 20,
        17, 24, 28, 0, 25, 24, 16, 16, 16, 16, 18, 18, 18, 16, 20,
        21, 0, 0, 0, 0, 0, 17, 16, 16, 16, 16, 16, 16, 16, 20,
        17, 18, 22, 0, 19, 18, 16, 16, 16, 16, 16, 16, 16, 16, 20,
        17, 16, 20, 0, 17, 16, 16, 16, 24, 16, 16, 16, 16, 16, 20,
        17, 16, 16, 18, 16, 16, 16, 20, 0, 17, 16, 16, 16, 16, 20,
        17, 16, 16, 16, 16, 16, 16, 20, 0, 25, 24, 24, 24, 16, 20,
        17, 16, 16, 16, 16, 16, 16, 20, 0, 0, 0, 0, 0, 17, 20,
        25, 24, 16, 16, 16, 16, 16, 16, 18, 18, 18, 22, 0, 17, 20,
        1, 0, 17, 16, 16, 16, 16, 16, 16, 16, 16, 20, 0, 17, 20,
        1, 0, 25, 24, 24, 16, 16, 16, 16, 16, 16, 16, 18, 16, 20,
        1, 0, 0, 0, 0, 17, 16, 16, 16, 16, 16, 16, 16, 16, 20,
        9, 8, 8, 8, 8, 9, 24, 24, 24, 24, 24, 24, 24, 24, 28
    };